99 99 1 99
14 14 14 14 14 14 14 14 14 14 14 14 14 14 14 14
14 14 14 14 14 14 14 14 14 14 14 14 14 14 14 3
14 14 3 3 3 3 3 3 3 3 3 3 3 14 14 3
14 14 3 1 1 1 1 1 1 1 9 1 3 14 14 3
14 14 3 9 1 1 1 1 1 1 1 1 3 14 14 3
14 14 3 1 1 1 1 1 1 1 1 1 3 3 3 3
14 14 3 1 1 1 1 1 1 1 1 1 1 1 1 3
14 14 3 1 1 1 3 3 3 1 1 1 1 1 1 3
14 14 3 1 1 9 3 3 3 1 1 1 1 1 1 3
14 14 3 1 1 1 1 1 1 1 1 1 1 1 1 3
14 14 3 1 1 1 1 1 1 10 15 11 3 3 3 3
14 14 3 1 1 1 1 1 1 17 3 18 3 14 14 3
14 14 3 9 1 1 1 9 1 13 16 12 3 14 14 3
14 14 3 3 3 3 3 3 3 3 3 3 3 14 14 3
14 14 14 14 14 14 14 14 14 14 14 14 14 14 14 3
14 14 14 14 14 14 14 14 14 14 14 14 14 14 14 14