0 99 2 4
1 1 1 1 1 7 7 7 7 7 1 1 1 1 1 1
1 9 1 1 1 7 7 7 7 7 1 1 1 1 1 3
1 1 1 1 1 1 7 7 7 9 1 1 1 1 1 3
1 1 1 1 2 1 1 1 1 1 1 1 1 1 1 3
1 1 1 1 2 1 1 1 1 1 1 1 1 1 1 3
1 1 1 2 2 2 1 1 1 1 1 1 1 1 1 3
1 1 1 1 2 1 1 1 1 1 1 1 1 1 1 3
1 1 1 1 1 1 1 1 1 1 2 1 1 1 1 3
1 1 1 1 1 1 1 1 1 1 2 1 1 1 1 3
1 1 1 1 1 1 1 1 1 1 2 1 1 1 1 3
1 1 1 1 1 1 1 1 1 1 2 1 1 1 1 3
1 1 1 1 1 1 1 1 2 2 2 2 2 1 1 3
1 1 1 9 1 1 1 1 1 1 2 1 1 1 1 3
5 1 1 1 1 1 1 1 1 1 2 1 1 1 5 3
5 1 1 1 1 1 1 1 1 1 1 1 1 9 5 3
5 5 5 5 5 1 1 1 1 1 5 5 5 5 5 5