11 99 99 9 3
0 0 0 0 0 0 0 0 0 0 0 0 0 0 0 0
0 0 0 0 0 0 0 0 0 0 0 0 0 0 0 0
0 1 1 1 1 1 1 1 1 1 1 0 0 0 0 0
1 1 9 1 1 1 1 1 1 1 2 2 1 0 0 0
1 1 1 1 1 1 1 1 1 1 2 2 1 0 0 0
1 1 1 1 1 1 1 1 1 1 1 1 1 0 0 0
1 1 1 1 1 1 1 1 1 1 1 1 1 0 0 0
1 1 1 2 1 1 1 1 1 1 1 1 1 1 0 0
1 1 2 2 2 1 1 1 1 1 1 1 1 1 0 0
1 2 2 2 1 1 1 1 1 9 1 1 1 1 0 0
1 1 2 2 1 1 1 1 1 1 1 1 1 1 0 0
1 1 1 1 1 1 1 1 1 1 1 1 1 1 0 0
1 1 1 1 9 1 1 1 1 1 1 1 1 1 0 0
1 1 1 1 1 1 1 1 1 1 1 1 1 1 0 0
1 1 1 1 1 1 1 1 1 1 1 9 1 1 0 0
1 1 1 1 1 1 1 1 1 1 1 1 1 1 0 0