14 99 12 5 0
4 9 4 4 4 4 4 4 4 4 4 4 9 4 4 4
4 14 4 4 4 4 4 4 9 4 4 4 4 14 4 4
4 4 4 4 9 4 14 4 4 4 4 4 4 4 4 4
4 4 14 4 4 4 4 4 4 4 4 4 4 4 4 4
7 4 4 4 7 4 4 9 4 4 4 4 7 9 4 4
7 7 4 7 7 7 4 4 4 14 4 7 7 7 7 7
7 7 7 7 7 7 7 4 4 4 7 7 7 7 7 7
7 7 7 7 7 7 7 7 4 7 7 7 7 7 7 7
7 7 7 7 7 7 7 7 7 7 7 7 7 7 7 7
7 7 7 7 7 7 7 7 7 7 7 7 7 7 7 7
7 7 7 7 7 7 7 7 7 7 7 7 7 7 7 7
19 19 19 19 19 19 19 19 19 19 19 19 19 19 19 19
0 0 0 0 0 0 19 19 19 0 0 0 0 0 0 0
0 0 0 0 0 0 19 19 19 0 0 0 0 0 0 0
0 0 0 0 0 0 19 19 19 0 0 0 0 0 0 0
0 0 0 0 0 0 19 19 19 0 0 0 0 0 0 0