16 99 13 15
0 0 0 0 0 0 0 0 0 0 0 0 0 0 0 0
4 7 7 4 7 7 7 7 7 7 7 4 7 7 4 0
4 7 7 4 7 7 7 7 7 7 7 4 7 7 4 4
4 6 6 4 4 4 6 4 6 4 4 4 6 6 4 4
7 7 7 7 7 7 7 4 7 7 7 7 7 7 7 7
5 5 7 7 7 7 7 4 7 7 7 7 7 7 7 7
5 5 5 7 7 7 7 4 7 7 7 7 7 7 7 7
5 5 5 7 7 7 7 4 7 7 7 7 7 7 7 7
5 5 5 7 7 7 7 4 7 7 7 7 7 7 7 7
5 5 5 7 7 7 7 4 7 7 7 7 7 7 7 7
5 5 7 7 7 7 7 4 7 7 7 7 7 7 7 7
7 7 7 7 7 7 7 4 7 7 7 7 7 7 7 7
4 6 6 6 6 6 6 4 6 6 6 6 6 6 4 7
4 7 7 7 7 7 7 4 4 4 7 7 7 7 4 7
4 4 4 4 4 4 6 6 6 4 4 4 4 4 4 7
0 0 0 0 0 0 7 7 7 0 0 0 0 0 0 0