1 5 99 6
0 0 0 0 3 1 9 1 1 1 3 3 0 3 1 1
0 3 0 0 3 1 1 1 1 1 3 0 0 3 1 1
0 0 0 0 3 1 1 1 1 9 3 0 0 3 1 1
0 0 0 0 3 1 1 1 1 1 3 3 0 3 1 1
3 3 3 3 3 1 1 1 1 1 2 3 6 3 1 1
2 1 1 9 1 1 1 1 1 1 2 3 6 3 1 1
2 1 1 1 1 1 1 1 1 1 2 3 0 3 1 1
2 1 1 1 1 1 1 1 1 1 2 3 0 3 1 1
2 1 1 1 1 1 1 1 1 1 3 3 0 3 1 1
2 1 1 1 1 1 1 1 1 1 3 0 0 3 1 1
2 1 1 1 1 1 1 1 1 1 3 0 3 3 1 1
2 1 1 1 1 1 9 1 1 1 3 0 3 1 1 1
2 1 1 1 1 1 1 1 1 1 3 0 3 1 1 1
2 9 1 1 1 1 1 1 1 1 3 0 3 1 1 1
2 1 1 1 1 1 1 1 1 1 3 0 3 1 1 1
2 2 2 2 2 2 2 2 2 2 3 0 3 1 1 1