6 99 99 99
0 0 0 3 0 0 0 0 0 0 3 0 0 3 0 0
3 0 0 0 0 0 0 3 0 0 0 0 0 0 0 3
0 0 1 0 1 0 0 0 0 0 0 3 0 0 0 0
0 0 1 1 1 0 0 1 1 0 0 0 0 1 0 0
0 1 1 1 1 1 1 1 1 1 0 0 1 1 0 0
1 1 1 1 1 1 1 1 1 1 1 1 1 1 0 3
1 1 1 1 1 1 1 1 1 1 1 1 1 0 0 0
1 1 1 1 1 1 1 1 1 1 1 1 1 0 0 0
1 1 1 1 1 1 1 1 1 1 1 1 1 1 0 3
1 1 1 1 1 1 1 1 1 1 1 1 1 1 0 0
1 1 1 1 1 1 1 1 1 1 1 1 1 1 0 0
0 1 1 1 1 1 1 1 1 1 0 0 1 1 0 0
0 0 1 1 0 0 1 1 1 1 0 3 0 1 0 0
3 0 1 0 0 0 0 1 1 0 0 0 0 0 0 0
0 0 0 0 3 0 0 0 0 0 0 0 0 3 0 3
5 5 3 5 5 5 3 5 5 5 5 3 5 5 5 5