99 1 99 17 0
0 0 0 0 5 1 1 1 1 1 5 0 0 0 0 0
0 0 0 0 5 2 2 2 2 2 5 0 0 0 0 0
0 0 0 0 5 1 1 1 1 1 5 0 0 0 0 0
0 0 0 0 5 2 2 2 2 2 5 0 0 0 0 0
0 0 0 0 5 1 1 1 1 1 5 0 0 0 0 0
0 0 0 0 5 2 2 2 2 2 5 0 0 0 0 0
0 0 0 0 5 1 1 1 1 1 5 0 0 0 0 0
0 0 0 0 5 2 2 2 2 2 5 0 0 0 0 0
0 0 0 0 5 1 1 1 1 1 5 0 0 0 0 0
0 0 0 0 5 2 2 2 2 2 5 0 0 0 0 0
0 0 0 0 5 1 1 1 1 1 5 0 0 0 0 0
0 0 0 0 5 5 5 5 5 5 5 0 0 0 0 0
0 0 0 0 0 0 0 0 0 0 0 0 0 0 0 0
0 0 0 0 0 0 0 0 0 0 0 0 0 0 0 0
0 0 0 0 3 3 3 3 3 3 3 0 0 0 0 0
5 5 5 5 3 2 2 2 2 2 3 5 5 5 5 5