99 13 7 2 3
7 7 7 7 7 7 7 7 7 7 7 7 7 0 0 1
7 7 7 7 7 7 7 7 7 7 7 0 0 0 0 3
7 0 0 0 0 7 7 7 6 6 0 0 0 0 0 3
0 0 0 0 0 0 0 0 0 0 0 0 2 0 9 3
0 0 2 0 0 0 0 0 0 0 0 0 2 2 2 3
0 4 1 0 2 0 2 2 6 6 0 0 0 1 1 3
4 4 1 1 1 1 1 1 1 1 0 0 1 1 1 3
4 4 1 9 1 1 1 1 1 1 1 6 1 1 1 3
4 4 1 1 1 1 1 1 1 1 1 6 1 1 1 3
4 4 1 1 1 1 1 1 1 1 1 6 1 1 1 3
4 4 1 1 1 1 1 1 1 1 0 0 1 1 1 3
4 4 2 1 1 1 1 1 1 1 0 0 1 9 1 3
0 0 2 1 1 1 1 1 1 1 1 0 1 1 1 3
0 0 2a 1 1 1 1 1 1 9 1 0 0 1 1 3
0 0 0 1 1 1 1 1 1 1 1 0 0 1 1 3
0 0 0 3 3 1 1 1 1 1 3 3 0 0 1 1