5 99 8 99 3
0 0 0 0 0 0 0 0 0 0 0 0 0 0 0 0
0 0 0 0 0 0 0 0 0 0 9 1 1 1 0 0
0 0 0 1 9 1 0 0 0 0 0 1 1 1 1 1
1 1 1 1 1 1 1 1 1 0 0 1 1 1 9 9
1 1 1 1 1 1 1 9 1 0 0 0 1 6 0 1
1 9 1 1 1 1 1 1 1 0 0 0 0 6 0 0
1 1 1 1 1 2 2 1 1 6 6 6 6 6 6 6
1 1 1 1 1 2 2 2 1 1 6 6 6 6 6 6
1 1 1 1 1 2 2 2 1 1 6 6 6 6 6 6
1 1 1 9 1 1 2 1 1 1 0 0 0 0 0 0
1 1 1 1 1 1 1 1 1 9 0 0 0 0 0 0
1 1 1 1 1 1 1 1 1 0 0 0 0 0 0 0
1 1 1 1 1 1 1 1 1 0 0 0 0 0 0 0
1 1 1 1 1 1 1 1 1 0 0 0 0 0 0 0
1 9 1 1 1 1 1 1 1 1 1 0 0 0 0 0
1 1 1 1 1 1 1 1 1 1 1 1 0 0 0 0