7 99 9 99 4
0 0 1 1 0 0 0 0 1 1 1 1 1 1 1 1
0 1 1 1 6 0 0 6 1 1 1 1 1 1 1 1
1 1 1 1 6 4 4 6 1 4 1 4 1 1 1 1
1 1 1 1 6 1 1 6 1 4 1 4 1 1 1 1
1 1 1 1 6 1 1 6 1 4 1 4 1 1 1 1
1 1 1 1 6 1 1 6 1 4 4 4 1 1 1 1
1 1 1 1 6 1 1 6 1 1 1 1 1 1 1 1
1 1 1 1 6 1 1 6 1 1 1 1 1 1 1 1
1 1 1 1 6 1 1 6 1 1 1 1 1 1 1 1
1 1 1 1 6 1 1 6 1 1 1 1 1 1 1 1
0 1 1 1 6 1 1 6 1 4 4 4 1 1 1 1
0 0 1 1 6 1 1 6 1 4 1 4 1 1 1 1
0 0 1 1 6 1 1 6 1 4 1 4 1 1 1 1
0 0 1 1 6 4 4 6 1 4 1 4 1 1 1 1
0 0 0 1 6 0 0 6 1 1 1 1 1 1 1 1
0 0 0 1 0 0 0 0 1 1 1 1 1 1 1 1