8 10 99 99 3
1 1 1 1 1 1 1 1 1 1 1 1 1 9 0 0
1 1 9 1 1 1 1 1 1 1 1 1 1 1 0 0
1 1 0 0 1 1 1 1 1 1 1 1 1 1 0 0
1 1 0 1 1 1 1 1 9 1 1 1 1 1 0 0
1 1 1 1 1 1 1 1 1 1 1 1 1 1 0 0
1 1 1 1 1 1 1 2 2 1 1 1 1 1 0 0
1 1 1 1 1 1 2 2 2 1 1 1 1 1 0 0
1 1 1 1 1 1 1 2 2 2 1 1 1 1 0 0
1 1 1 9 1 1 1 1 2 2 1 1 1 1 0 0
1 1 1 1 1 1 1 1 1 1 1 1 1 1 0 0
1 1 1 1 1 1 1 1 1 1 1 1 1 1 0 0
1 1 1 1 1 1 1 1 1 1 9 1 1 1 0 0
1 1 1 1 1 1 1 1 1 1 1 1 1 0 0 0
1 1 1 1 1 1 1 1 1 1 1 1 0 0 0 0
1 1 1 1 1 0 0 0 0 0 0 0 0 0 0 0
1 1 0 0 0 0 0 0 0 0 0 0 0 0 0 0